25+99
456-123
2*(3+4)
(3+5*6)/7
(7-4)*3
210+35
1256/7
184/5
1976/24
16*25+186*5-67*22


a <- 4
b <- 5

c <- a+b
c


pi <- 3.14
(10^2)*pi
(12^2)*pi
(15^2)*pi



val.a <- 10
val.b <- 10
sum.ab <- val.a + val.b
sum.ab

x1 <- 6
y1 <- 2*x1^2+5*x1+10
y1

x2 <- 8
y2 <- 2*x2^2+5*x2+10
y2

x3 <- 10
y3 <- 2*x3^2+5*x3+10
y3





